2015/04/19-03:48:25.489910 7fbd1ec3d880 RocksDB version: 3.10.0
2015/04/19-03:48:25.490039 7fbd1ec3d880 Git sha rocksdb_build_git_sha:
2015/04/19-03:48:25.490049 7fbd1ec3d880 Compile date Mar 21 2015
2015/04/19-03:48:25.490055 7fbd1ec3d880 DB SUMMARY
2015/04/19-03:48:25.490124 7fbd1ec3d880 SST files in Base de Datos TEST dir, Total Num: 0, files: 
2015/04/19-03:48:25.490132 7fbd1ec3d880 Write Ahead Log file in Base de Datos TEST: 
2015/04/19-03:48:25.490137 7fbd1ec3d880          Options.error_if_exists: 0
2015/04/19-03:48:25.490142 7fbd1ec3d880        Options.create_if_missing: 1
2015/04/19-03:48:25.490146 7fbd1ec3d880          Options.paranoid_checks: 1
2015/04/19-03:48:25.490150 7fbd1ec3d880                      Options.env: 0x7e4420
2015/04/19-03:48:25.490153 7fbd1ec3d880                 Options.info_log: 0xf04fb0
2015/04/19-03:48:25.490156 7fbd1ec3d880           Options.max_open_files: 5000
2015/04/19-03:48:25.490160 7fbd1ec3d880       Options.max_total_wal_size: 0
2015/04/19-03:48:25.490163 7fbd1ec3d880        Options.disableDataSync: 0
2015/04/19-03:48:25.490166 7fbd1ec3d880              Options.use_fsync: 0
2015/04/19-03:48:25.490169 7fbd1ec3d880      Options.max_log_file_size: 0
2015/04/19-03:48:25.490172 7fbd1ec3d880 Options.max_manifest_file_size: 18446744073709551615
2015/04/19-03:48:25.490175 7fbd1ec3d880      Options.log_file_time_to_roll: 0
2015/04/19-03:48:25.490178 7fbd1ec3d880      Options.keep_log_file_num: 1000
2015/04/19-03:48:25.490181 7fbd1ec3d880        Options.allow_os_buffer: 1
2015/04/19-03:48:25.490184 7fbd1ec3d880       Options.allow_mmap_reads: 0
2015/04/19-03:48:25.490187 7fbd1ec3d880      Options.allow_mmap_writes: 0
2015/04/19-03:48:25.490190 7fbd1ec3d880          Options.create_missing_column_families: 0
2015/04/19-03:48:25.490193 7fbd1ec3d880                              Options.db_log_dir: 
2015/04/19-03:48:25.490196 7fbd1ec3d880                                 Options.wal_dir: Base de Datos TEST
2015/04/19-03:48:25.490199 7fbd1ec3d880                Options.table_cache_numshardbits: 4
2015/04/19-03:48:25.490202 7fbd1ec3d880     Options.delete_obsolete_files_period_micros: 21600000000
2015/04/19-03:48:25.490206 7fbd1ec3d880              Options.max_background_compactions: 15
2015/04/19-03:48:25.490209 7fbd1ec3d880                  Options.max_background_flushes: 1
2015/04/19-03:48:25.490212 7fbd1ec3d880                         Options.WAL_ttl_seconds: 0
2015/04/19-03:48:25.490215 7fbd1ec3d880                       Options.WAL_size_limit_MB: 0
2015/04/19-03:48:25.490218 7fbd1ec3d880             Options.manifest_preallocation_size: 4194304
2015/04/19-03:48:25.490221 7fbd1ec3d880                          Options.allow_os_buffer: 1
2015/04/19-03:48:25.490224 7fbd1ec3d880                         Options.allow_mmap_reads: 0
2015/04/19-03:48:25.490227 7fbd1ec3d880                        Options.allow_mmap_writes: 0
2015/04/19-03:48:25.490230 7fbd1ec3d880                      Options.is_fd_close_on_exec: 1
2015/04/19-03:48:25.490234 7fbd1ec3d880                    Options.stats_dump_period_sec: 3600
2015/04/19-03:48:25.490237 7fbd1ec3d880                    Options.advise_random_on_open: 1
2015/04/19-03:48:25.490240 7fbd1ec3d880                     Options.db_write_buffer_size: 0
2015/04/19-03:48:25.490244 7fbd1ec3d880          Options.access_hint_on_compaction_start: NORMAL
2015/04/19-03:48:25.490248 7fbd1ec3d880                       Options.use_adaptive_mutex: 0
2015/04/19-03:48:25.490251 7fbd1ec3d880                             Options.rate_limiter: (nil)
2015/04/19-03:48:25.490254 7fbd1ec3d880                           Options.bytes_per_sync: 0
2015/04/19-03:48:25.490257 7fbd1ec3d880                   Options.enable_thread_tracking: 0
2015/04/19-03:48:25.490407 7fbd1ec3d880 Creating manifest 1 
2015/04/19-03:48:25.677356 7fbd1ec3d880 Recovering from manifest file: MANIFEST-000001
2015/04/19-03:48:25.677411 7fbd1ec3d880 --------------- Options for column family [default]:
2015/04/19-03:48:25.677416 7fbd1ec3d880          Options.error_if_exists: 0
2015/04/19-03:48:25.677418 7fbd1ec3d880        Options.create_if_missing: 1
2015/04/19-03:48:25.677420 7fbd1ec3d880          Options.paranoid_checks: 1
2015/04/19-03:48:25.677421 7fbd1ec3d880                      Options.env: 0x7e4420
2015/04/19-03:48:25.677423 7fbd1ec3d880                 Options.info_log: 0xf04fb0
2015/04/19-03:48:25.677425 7fbd1ec3d880           Options.max_open_files: 5000
2015/04/19-03:48:25.677427 7fbd1ec3d880       Options.max_total_wal_size: 0
2015/04/19-03:48:25.677428 7fbd1ec3d880        Options.disableDataSync: 0
2015/04/19-03:48:25.677430 7fbd1ec3d880              Options.use_fsync: 0
2015/04/19-03:48:25.677431 7fbd1ec3d880      Options.max_log_file_size: 0
2015/04/19-03:48:25.677433 7fbd1ec3d880 Options.max_manifest_file_size: 18446744073709551615
2015/04/19-03:48:25.677435 7fbd1ec3d880      Options.log_file_time_to_roll: 0
2015/04/19-03:48:25.677437 7fbd1ec3d880      Options.keep_log_file_num: 1000
2015/04/19-03:48:25.677438 7fbd1ec3d880        Options.allow_os_buffer: 1
2015/04/19-03:48:25.677440 7fbd1ec3d880       Options.allow_mmap_reads: 0
2015/04/19-03:48:25.677441 7fbd1ec3d880      Options.allow_mmap_writes: 0
2015/04/19-03:48:25.677443 7fbd1ec3d880          Options.create_missing_column_families: 0
2015/04/19-03:48:25.677445 7fbd1ec3d880                              Options.db_log_dir: 
2015/04/19-03:48:25.677446 7fbd1ec3d880                                 Options.wal_dir: Base de Datos TEST
2015/04/19-03:48:25.677448 7fbd1ec3d880                Options.table_cache_numshardbits: 4
2015/04/19-03:48:25.677450 7fbd1ec3d880     Options.delete_obsolete_files_period_micros: 21600000000
2015/04/19-03:48:25.677451 7fbd1ec3d880              Options.max_background_compactions: 15
2015/04/19-03:48:25.677453 7fbd1ec3d880                  Options.max_background_flushes: 1
2015/04/19-03:48:25.677455 7fbd1ec3d880                         Options.WAL_ttl_seconds: 0
2015/04/19-03:48:25.677456 7fbd1ec3d880                       Options.WAL_size_limit_MB: 0
2015/04/19-03:48:25.677458 7fbd1ec3d880             Options.manifest_preallocation_size: 4194304
2015/04/19-03:48:25.677459 7fbd1ec3d880                          Options.allow_os_buffer: 1
2015/04/19-03:48:25.677461 7fbd1ec3d880                         Options.allow_mmap_reads: 0
2015/04/19-03:48:25.677463 7fbd1ec3d880                        Options.allow_mmap_writes: 0
2015/04/19-03:48:25.677464 7fbd1ec3d880                      Options.is_fd_close_on_exec: 1
2015/04/19-03:48:25.677466 7fbd1ec3d880                    Options.stats_dump_period_sec: 3600
2015/04/19-03:48:25.677467 7fbd1ec3d880                    Options.advise_random_on_open: 1
2015/04/19-03:48:25.677469 7fbd1ec3d880                     Options.db_write_buffer_size: 0
2015/04/19-03:48:25.677471 7fbd1ec3d880          Options.access_hint_on_compaction_start: NORMAL
2015/04/19-03:48:25.677472 7fbd1ec3d880                       Options.use_adaptive_mutex: 0
2015/04/19-03:48:25.677474 7fbd1ec3d880                             Options.rate_limiter: (nil)
2015/04/19-03:48:25.677476 7fbd1ec3d880                           Options.bytes_per_sync: 0
2015/04/19-03:48:25.677477 7fbd1ec3d880                   Options.enable_thread_tracking: 0
2015/04/19-03:48:25.677480 7fbd1ec3d880               Options.comparator: rocksdb.InternalKeyComparator:leveldb.BytewiseComparator
2015/04/19-03:48:25.677482 7fbd1ec3d880           Options.merge_operator: None
2015/04/19-03:48:25.677484 7fbd1ec3d880        Options.compaction_filter: None
2015/04/19-03:48:25.677486 7fbd1ec3d880        Options.compaction_filter_factory: DefaultCompactionFilterFactory
2015/04/19-03:48:25.677488 7fbd1ec3d880        Options.compaction_filter_factory_v2: DefaultCompactionFilterFactoryV2
2015/04/19-03:48:25.677489 7fbd1ec3d880         Options.memtable_factory: SkipListFactory
2015/04/19-03:48:25.677506 7fbd1ec3d880            Options.table_factory: BlockBasedTable
2015/04/19-03:48:25.677519 7fbd1ec3d880            table_factory options:   flush_block_policy_factory: FlushBlockBySizePolicyFactory (0xf01880)
  cache_index_and_filter_blocks: 0
  index_type: 0
  hash_index_allow_collision: 1
  checksum: 1
  no_block_cache: 0
  block_cache: 0xf018d8
  block_cache_size: 8388608
  block_cache_compressed: (nil)
  block_size: 4096
  block_size_deviation: 10
  block_restart_interval: 16
  filter_policy: nullptr
  format_version: 0
2015/04/19-03:48:25.677522 7fbd1ec3d880        Options.write_buffer_size: 134217728
2015/04/19-03:48:25.677524 7fbd1ec3d880  Options.max_write_buffer_number: 6
2015/04/19-03:48:25.677526 7fbd1ec3d880        Options.compression[0]: 0
2015/04/19-03:48:25.677528 7fbd1ec3d880        Options.compression[1]: 0
2015/04/19-03:48:25.677529 7fbd1ec3d880        Options.compression[2]: 1
2015/04/19-03:48:25.677531 7fbd1ec3d880        Options.compression[3]: 1
2015/04/19-03:48:25.677533 7fbd1ec3d880        Options.compression[4]: 1
2015/04/19-03:48:25.677534 7fbd1ec3d880        Options.compression[5]: 1
2015/04/19-03:48:25.677536 7fbd1ec3d880        Options.compression[6]: 1
2015/04/19-03:48:25.677537 7fbd1ec3d880       Options.prefix_extractor: nullptr
2015/04/19-03:48:25.677539 7fbd1ec3d880             Options.num_levels: 7
2015/04/19-03:48:25.677541 7fbd1ec3d880        Options.min_write_buffer_number_to_merge: 2
2015/04/19-03:48:25.677542 7fbd1ec3d880         Options.purge_redundant_kvs_while_flush: 1
2015/04/19-03:48:25.677544 7fbd1ec3d880            Options.compression_opts.window_bits: -14
2015/04/19-03:48:25.677545 7fbd1ec3d880                  Options.compression_opts.level: -1
2015/04/19-03:48:25.677547 7fbd1ec3d880               Options.compression_opts.strategy: 0
2015/04/19-03:48:25.677549 7fbd1ec3d880      Options.level0_file_num_compaction_trigger: 2
2015/04/19-03:48:25.677550 7fbd1ec3d880          Options.level0_slowdown_writes_trigger: 20
2015/04/19-03:48:25.677552 7fbd1ec3d880              Options.level0_stop_writes_trigger: 24
2015/04/19-03:48:25.677553 7fbd1ec3d880                Options.max_mem_compaction_level: 2
2015/04/19-03:48:25.677555 7fbd1ec3d880                   Options.target_file_size_base: 67108864
2015/04/19-03:48:25.677557 7fbd1ec3d880             Options.target_file_size_multiplier: 1
2015/04/19-03:48:25.677558 7fbd1ec3d880                Options.max_bytes_for_level_base: 536870912
2015/04/19-03:48:25.677560 7fbd1ec3d880 Options.level_compaction_dynamic_level_bytes: 0
2015/04/19-03:48:25.677561 7fbd1ec3d880          Options.max_bytes_for_level_multiplier: 10
2015/04/19-03:48:25.677563 7fbd1ec3d880 Options.max_bytes_for_level_multiplier_addtl[0]: 1
2015/04/19-03:48:25.677565 7fbd1ec3d880 Options.max_bytes_for_level_multiplier_addtl[1]: 1
2015/04/19-03:48:25.677566 7fbd1ec3d880 Options.max_bytes_for_level_multiplier_addtl[2]: 1
2015/04/19-03:48:25.677568 7fbd1ec3d880 Options.max_bytes_for_level_multiplier_addtl[3]: 1
2015/04/19-03:48:25.677570 7fbd1ec3d880 Options.max_bytes_for_level_multiplier_addtl[4]: 1
2015/04/19-03:48:25.677571 7fbd1ec3d880 Options.max_bytes_for_level_multiplier_addtl[5]: 1
2015/04/19-03:48:25.677573 7fbd1ec3d880 Options.max_bytes_for_level_multiplier_addtl[6]: 1
2015/04/19-03:48:25.677574 7fbd1ec3d880       Options.max_sequential_skip_in_iterations: 8
2015/04/19-03:48:25.677576 7fbd1ec3d880              Options.expanded_compaction_factor: 25
2015/04/19-03:48:25.677578 7fbd1ec3d880                Options.source_compaction_factor: 1
2015/04/19-03:48:25.677579 7fbd1ec3d880          Options.max_grandparent_overlap_factor: 10
2015/04/19-03:48:25.677581 7fbd1ec3d880                        Options.arena_block_size: 13421772
2015/04/19-03:48:25.677583 7fbd1ec3d880                       Options.soft_rate_limit: 0.00
2015/04/19-03:48:25.677593 7fbd1ec3d880                       Options.hard_rate_limit: 0.00
2015/04/19-03:48:25.677595 7fbd1ec3d880       Options.rate_limit_delay_max_milliseconds: 1000
2015/04/19-03:48:25.677624 7fbd1ec3d880                Options.disable_auto_compactions: 0
2015/04/19-03:48:25.677630 7fbd1ec3d880          Options.purge_redundant_kvs_while_flush: 1
2015/04/19-03:48:25.677649 7fbd1ec3d880                           Options.filter_deletes: 0
2015/04/19-03:48:25.677653 7fbd1ec3d880           Options.verify_checksums_in_compaction: 1
2015/04/19-03:48:25.677657 7fbd1ec3d880                         Options.compaction_style: 0
2015/04/19-03:48:25.677660 7fbd1ec3d880  Options.compaction_options_universal.size_ratio: 1
2015/04/19-03:48:25.677663 7fbd1ec3d880 Options.compaction_options_universal.min_merge_width: 2
2015/04/19-03:48:25.677666 7fbd1ec3d880 Options.compaction_options_universal.max_merge_width: 4294967295
2015/04/19-03:48:25.677670 7fbd1ec3d880 Options.compaction_options_universal.max_size_amplification_percent: 200
2015/04/19-03:48:25.677674 7fbd1ec3d880 Options.compaction_options_universal.compression_size_percent: -1
2015/04/19-03:48:25.677677 7fbd1ec3d880 Options.compaction_options_fifo.max_table_files_size: 1073741824
2015/04/19-03:48:25.677688 7fbd1ec3d880                   Options.table_properties_collectors: InternalKeyPropertiesCollectorFactory; 
2015/04/19-03:48:25.677692 7fbd1ec3d880                   Options.inplace_update_support: 0
2015/04/19-03:48:25.677696 7fbd1ec3d880                 Options.inplace_update_num_locks: 10000
2015/04/19-03:48:25.677699 7fbd1ec3d880               Options.min_partial_merge_operands: 2
2015/04/19-03:48:25.677702 7fbd1ec3d880               Options.memtable_prefix_bloom_bits: 0
2015/04/19-03:48:25.677706 7fbd1ec3d880             Options.memtable_prefix_bloom_probes: 6
2015/04/19-03:48:25.677709 7fbd1ec3d880   Options.memtable_prefix_bloom_huge_page_tlb_size: 0
2015/04/19-03:48:25.677712 7fbd1ec3d880                           Options.bloom_locality: 0
2015/04/19-03:48:25.677715 7fbd1ec3d880                    Options.max_successive_merges: 0
2015/04/19-03:48:25.677718 7fbd1ec3d880                Options.optimize_fllters_for_hits: 0
2015/04/19-03:48:25.677820 7fbd1ec3d880 Recovered from manifest file:Base de Datos TEST/MANIFEST-000001 succeeded,manifest_file_number is 1, next_file_number is 3, last_sequence is 0, log_number is 0,prev_log_number is 0,max_column_family is 0
2015/04/19-03:48:25.677830 7fbd1ec3d880 Column family [default] (ID 0), log number is 0
2015/04/19-03:48:25.699583 7fbd1ec3d880 DB pointer 0xf04620
